246.4290E+0	-8.3600E+0	278.9570E-3	-259.8240E-3	1.0736E+0	10.0000E+0
246.1830E+0	-6.7200E+0	35.5813E-3	-259.8240E-3	136.9439E-3	10.0000E+0
245.9370E+0	-5.0800E+0	-136.9630E-3	-258.8170E-3	-529.1886E-3	10.0000E+0
245.6910E+0	-3.4400E+0	-263.8520E-3	-258.1460E-3	-1.0221E+0	10.0000E+0
245.4450E+0	-1.8000E+0	-302.4560E-3	-258.1460E-3	-1.1716E+0	10.0000E+0
245.1990E+0	-159.9667E-3	123.1970E-3	-260.1590E-3	473.5450E-3	10.0000E+0
244.9530E+0	1.4800E+0	1.0470E+0	-260.4960E-3	4.0193E+0	10.0000E+0
244.7070E+0	3.1200E+0	1.8681E+0	-261.1670E-3	7.1529E+0	10.0000E+0
244.4610E+0	4.7601E+0	2.3421E+0	-262.1750E-3	8.9333E+0	10.0000E+0
244.2150E+0	6.4000E+0	2.5237E+0	-262.5090E-3	9.6138E+0	10.0000E+0
243.9690E+0	8.0400E+0	2.5593E+0	-262.5090E-3	9.7493E+0	10.0000E+0
243.7230E+0	9.6800E+0	2.5244E+0	-261.5030E-3	9.6534E+0	10.0000E+0
243.4770E+0	11.3200E+0	2.4535E+0	-261.1670E-3	9.3946E+0	10.0000E+0
243.2310E+0	12.9600E+0	2.3334E+0	-259.8240E-3	8.9806E+0	10.0000E+0
242.9850E+0	14.6000E+0	2.1830E+0	-257.1380E-3	8.4895E+0	10.0000E+0
242.7390E+0	16.2400E+0	2.0497E+0	-257.1380E-3	7.9713E+0	10.0000E+0
242.4930E+0	17.8800E+0	1.9386E+0	-258.8170E-3	7.4902E+0	10.0000E+0
242.2470E+0	19.5201E+0	1.8359E+0	-258.8170E-3	7.0934E+0	10.0000E+0
242.0010E+0	21.1601E+0	1.7483E+0	-258.8170E-3	6.7548E+0	10.0000E+0
241.7550E+0	22.8000E+0	1.6654E+0	-260.1590E-3	6.4013E+0	10.0000E+0
241.5090E+0	24.4400E+0	1.5892E+0	-260.1590E-3	6.1084E+0	10.0000E+0
241.2630E+0	26.0800E+0	1.5180E+0	-259.4880E-3	5.8499E+0	10.0000E+0
241.0170E+0	27.7200E+0	1.4532E+0	-259.4880E-3	5.6003E+0	10.0000E+0
240.7710E+0	29.3600E+0	1.3951E+0	-259.4880E-3	5.3764E+0	10.0000E+0
240.5250E+0	31.0000E+0	1.3471E+0	-260.1590E-3	5.1781E+0	10.0000E+0
240.2790E+0	32.6401E+0	1.3065E+0	-260.1590E-3	5.0219E+0	10.0000E+0
240.0330E+0	34.2800E+0	1.2763E+0	-260.4960E-3	4.8995E+0	10.0000E+0
239.7870E+0	35.9200E+0	1.2474E+0	-260.8300E-3	4.7825E+0	10.0000E+0
239.5410E+0	37.5600E+0	1.2155E+0	-260.8300E-3	4.6602E+0	10.0000E+0
239.2950E+0	39.2000E+0	1.1870E+0	-260.8300E-3	4.5508E+0	10.0000E+0
239.0490E+0	40.8401E+0	1.1648E+0	-262.1750E-3	4.4430E+0	10.0000E+0
238.8030E+0	42.4800E+0	1.1440E+0	-263.1800E-3	4.3469E+0	10.0000E+0
238.5570E+0	44.1200E+0	1.1225E+0	-264.1880E-3	4.2490E+0	10.0000E+0
238.3110E+0	45.7600E+0	1.1014E+0	-264.5230E-3	4.1637E+0	10.0000E+0
238.0650E+0	47.4001E+0	1.0776E+0	-263.1800E-3	4.0944E+0	10.0000E+0
237.8190E+0	49.0400E+0	1.0544E+0	-263.5170E-3	4.0013E+0	10.0000E+0
237.5730E+0	50.6800E+0	1.0329E+0	-263.5170E-3	3.9197E+0	10.0000E+0
237.3270E+0	52.3200E+0	1.0087E+0	-262.8460E-3	3.8378E+0	10.0000E+0
237.0810E+0	53.9600E+0	980.8810E-3	-260.4960E-3	3.7654E+0	10.0000E+0
236.8350E+0	55.6000E+0	952.6850E-3	-259.8240E-3	3.6667E+0	10.0000E+0
236.5890E+0	57.2400E+0	924.4870E-3	-259.8240E-3	3.5581E+0	10.0000E+0
236.3430E+0	58.8800E+0	899.6450E-3	-259.4880E-3	3.4670E+0	10.0000E+0
236.0970E+0	60.5200E+0	874.8050E-3	-258.8170E-3	3.3800E+0	10.0000E+0
235.8510E+0	62.1600E+0	852.3130E-3	-258.4820E-3	3.2974E+0	10.0000E+0
235.6050E+0	63.8001E+0	827.4730E-3	-258.8170E-3	3.1971E+0	10.0000E+0
235.3590E+0	65.4400E+0	802.9670E-3	-258.1460E-3	3.1105E+0	10.0000E+0
235.1130E+0	67.0801E+0	782.1550E-3	-257.1380E-3	3.0418E+0	10.0000E+0
234.8670E+0	68.7200E+0	760.3340E-3	-255.4610E-3	2.9763E+0	10.0000E+0
234.6210E+0	70.3600E+0	742.8790E-3	-254.4530E-3	2.9195E+0	10.0000E+0
234.3750E+0	72.0001E+0	730.7940E-3	-254.1160E-3	2.8758E+0	10.0000E+0
234.1290E+0	73.6400E+0	722.7370E-3	-254.7890E-3	2.8366E+0	10.0000E+0
233.8830E+0	75.2801E+0	713.6730E-3	-255.1240E-3	2.7974E+0	10.0000E+0
233.6370E+0	76.9201E+0	708.3020E-3	-255.7950E-3	2.7690E+0	10.0000E+0
233.3910E+0	78.5600E+0	707.2960E-3	-257.1380E-3	2.7506E+0	10.0000E+0
233.1450E+0	80.2000E+0	704.2740E-3	-257.1380E-3	2.7389E+0	10.0000E+0
232.8990E+0	81.8400E+0	700.9170E-3	-256.1320E-3	2.7365E+0	10.0000E+0
232.6530E+0	83.4800E+0	700.5820E-3	-255.4610E-3	2.7424E+0	10.0000E+0
232.4070E+0	85.1200E+0	700.2450E-3	-255.4610E-3	2.7411E+0	10.0000E+0
232.1610E+0	86.7600E+0	703.2670E-3	-256.1320E-3	2.7457E+0	10.0000E+0
231.9150E+0	88.4001E+0	706.9590E-3	-256.4670E-3	2.7565E+0	10.0000E+0
231.6690E+0	90.0401E+0	706.9590E-3	-256.8030E-3	2.7529E+0	10.0000E+0
231.4230E+0	91.6800E+0	703.9380E-3	-256.8030E-3	2.7412E+0	10.0000E+0
231.1770E+0	93.3200E+0	696.5530E-3	-256.8030E-3	2.7124E+0	10.0000E+0
230.9310E+0	94.9600E+0	688.8330E-3	-256.1320E-3	2.6894E+0	10.0000E+0
230.6850E+0	96.6001E+0	679.0980E-3	-255.4610E-3	2.6583E+0	10.0000E+0
230.4390E+0	98.2400E+0	666.6780E-3	-255.1240E-3	2.6132E+0	10.0000E+0
230.1930E+0	99.8800E+0	650.9000E-3	-254.1160E-3	2.5614E+0	10.0000E+0
229.9470E+0	101.5200E+0	640.4930E-3	-255.4610E-3	2.5072E+0	10.0000E+0
229.7010E+0	103.1600E+0	629.7510E-3	-255.4610E-3	2.4652E+0	10.0000E+0
229.4550E+0	104.8000E+0	618.0020E-3	-256.1320E-3	2.4128E+0	10.0000E+0
229.2090E+0	106.4400E+0	609.2740E-3	-256.8030E-3	2.3725E+0	10.0000E+0
228.9630E+0	108.0800E+0	600.8810E-3	-256.8030E-3	2.3399E+0	10.0000E+0
228.7170E+0	109.7201E+0	592.8250E-3	-257.8090E-3	2.2995E+0	10.0000E+0
228.4710E+0	111.3600E+0	582.0840E-3	-258.1460E-3	2.2549E+0	10.0000E+0
228.2250E+0	113.0000E+0	571.3410E-3	-258.1460E-3	2.2132E+0	10.0000E+0
227.9790E+0	114.6400E+0	563.9560E-3	-259.1530E-3	2.1762E+0	10.0000E+0
227.7330E+0	116.2800E+0	553.8860E-3	-258.8170E-3	2.1401E+0	10.0000E+0
227.4870E+0	117.9200E+0	542.8080E-3	-258.1460E-3	2.1027E+0	10.0000E+0
227.2410E+0	119.5600E+0	533.4080E-3	-257.1380E-3	2.0744E+0	10.0000E+0
226.9950E+0	121.2000E+0	528.7090E-3	-256.1320E-3	2.0642E+0	10.0000E+0
226.7490E+0	122.8400E+0	531.3940E-3	-256.8030E-3	2.0693E+0	10.0000E+0
226.5030E+0	124.4800E+0	533.0730E-3	-256.1320E-3	2.0812E+0	10.0000E+0
226.2570E+0	126.1200E+0	533.7440E-3	-255.1240E-3	2.0921E+0	10.0000E+0
226.0110E+0	127.7601E+0	537.7730E-3	-255.1240E-3	2.1079E+0	10.0000E+0
225.7650E+0	129.4000E+0	541.8010E-3	-254.1160E-3	2.1321E+0	10.0000E+0
225.5190E+0	131.0400E+0	542.1370E-3	-253.1110E-3	2.1419E+0	10.0000E+0
225.2730E+0	132.6800E+0	544.4870E-3	-252.7740E-3	2.1540E+0	10.0000E+0
225.0270E+0	134.3200E+0	550.1930E-3	-253.7820E-3	2.1680E+0	10.0000E+0
224.7810E+0	135.9600E+0	554.2210E-3	-254.7890E-3	2.1752E+0	10.0000E+0
224.5350E+0	137.6000E+0	556.5710E-3	-255.7950E-3	2.1758E+0	10.0000E+0
224.2890E+0	139.2400E+0	556.9070E-3	-255.7950E-3	2.1772E+0	10.0000E+0
224.0430E+0	140.8800E+0	552.2070E-3	-255.7950E-3	2.1588E+0	10.0000E+0
223.7970E+0	142.5200E+0	546.1640E-3	-255.7950E-3	2.1352E+0	10.0000E+0
223.5510E+0	144.1601E+0	538.4450E-3	-255.7950E-3	2.1050E+0	10.0000E+0
223.3050E+0	145.8000E+0	527.0300E-3	-255.4610E-3	2.0631E+0	10.0000E+0
223.0590E+0	147.4400E+0	512.5970E-3	-254.1160E-3	2.0172E+0	10.0000E+0
222.8130E+0	149.0800E+0	500.5110E-3	-253.4450E-3	1.9748E+0	10.0000E+0
222.5670E+0	150.7201E+0	491.1130E-3	-253.1110E-3	1.9403E+0	10.0000E+0
222.3210E+0	152.3600E+0	479.6980E-3	-253.1110E-3	1.8952E+0	10.0000E+0
222.0750E+0	154.0000E+0	467.9500E-3	-252.7740E-3	1.8513E+0	10.0000E+0
221.8290E+0	155.6400E+0	455.5300E-3	-252.1030E-3	1.8069E+0	10.0000E+0
221.5830E+0	157.2800E+0	446.1290E-3	-252.7740E-3	1.7649E+0	10.0000E+0
221.3370E+0	158.9200E+0	439.4150E-3	-253.4450E-3	1.7338E+0	10.0000E+0
221.0910E+0	160.5600E+0	434.3800E-3	-254.1160E-3	1.7094E+0	10.0000E+0
220.8450E+0	162.2000E+0	433.0380E-3	-255.1240E-3	1.6974E+0	10.0000E+0
220.5990E+0	163.8401E+0	431.0240E-3	-255.4610E-3	1.6872E+0	10.0000E+0
220.3530E+0	165.4800E+0	428.6740E-3	-255.4610E-3	1.6780E+0	10.0000E+0
220.1070E+0	167.1201E+0	430.3530E-3	-254.7890E-3	1.6891E+0	10.0000E+0
219.8610E+0	168.7600E+0	433.3740E-3	-254.1160E-3	1.7054E+0	10.0000E+0
219.6150E+0	170.4000E+0	436.7300E-3	-253.7820E-3	1.7209E+0	10.0000E+0
219.3690E+0	172.0400E+0	444.1150E-3	-254.1160E-3	1.7477E+0	10.0000E+0
219.1230E+0	173.6800E+0	452.1720E-3	-254.7890E-3	1.7747E+0	10.0000E+0
218.8770E+0	175.3200E+0	460.2280E-3	-256.1320E-3	1.7968E+0	10.0000E+0
218.6310E+0	176.9600E+0	467.6130E-3	-256.4670E-3	1.8233E+0	10.0000E+0
218.3850E+0	178.6000E+0	470.3000E-3	-255.7950E-3	1.8386E+0	10.0000E+0
218.1390E+0	180.2400E+0	470.3000E-3	-255.1240E-3	1.8434E+0	10.0000E+0
217.8930E+0	181.8800E+0	470.3000E-3	-255.4610E-3	1.8410E+0	10.0000E+0
217.6470E+0	183.5200E+0	469.9630E-3	-255.7950E-3	1.8373E+0	10.0000E+0
217.4010E+0	185.1601E+0	467.2780E-3	-255.4610E-3	1.8292E+0	10.0000E+0
217.1550E+0	186.7999E+0	461.9070E-3	-255.4610E-3	1.8081E+0	10.0000E+0
216.9090E+0	188.4400E+0	457.5430E-3	-256.1320E-3	1.7864E+0	10.0000E+0
216.6630E+0	190.0801E+0	451.5000E-3	-256.8030E-3	1.7582E+0	10.0000E+0
216.4170E+0	191.7200E+0	443.1080E-3	-257.4740E-3	1.7210E+0	10.0000E+0
216.1710E+0	193.3600E+0	434.3800E-3	-258.8170E-3	1.6783E+0	10.0000E+0
215.9250E+0	195.0001E+0	428.3370E-3	-259.8240E-3	1.6486E+0	10.0000E+0
215.6790E+0	196.6400E+0	419.9460E-3	-260.1590E-3	1.6142E+0	10.0000E+0
215.4330E+0	198.2800E+0	409.8750E-3	-260.1590E-3	1.5755E+0	10.0000E+0
215.1870E+0	199.9200E+0	399.8050E-3	-258.8170E-3	1.5447E+0	10.0000E+0
214.9410E+0	201.5601E+0	388.3910E-3	-256.8030E-3	1.5124E+0	10.0000E+0
214.6950E+0	203.2001E+0	379.6630E-3	-256.1320E-3	1.4823E+0	10.0000E+0
214.4490E+0	204.8400E+0	374.6280E-3	-256.4670E-3	1.4607E+0	10.0000E+0
214.2030E+0	206.4800E+0	369.9280E-3	-257.1380E-3	1.4386E+0	10.0000E+0
213.9570E+0	208.1200E+0	367.2430E-3	-257.4740E-3	1.4263E+0	10.0000E+0
213.7110E+0	209.7600E+0	365.9010E-3	-258.1460E-3	1.4174E+0	10.0000E+0
213.4650E+0	211.4001E+0	366.2350E-3	-257.8090E-3	1.4206E+0	10.0000E+0
213.2190E+0	213.0400E+0	367.5780E-3	-257.1380E-3	1.4295E+0	10.0000E+0
212.9730E+0	214.6801E+0	370.5990E-3	-257.4740E-3	1.4394E+0	10.0000E+0
212.7270E+0	216.3200E+0	374.9630E-3	-257.1380E-3	1.4582E+0	10.0000E+0
212.4810E+0	217.9600E+0	380.0000E-3	-256.1320E-3	1.4836E+0	10.0000E+0
212.2350E+0	219.6001E+0	384.3630E-3	-255.4610E-3	1.5046E+0	10.0000E+0
211.9890E+0	221.2401E+0	387.0480E-3	-254.1160E-3	1.5231E+0	10.0000E+0
211.7430E+0	222.8800E+0	392.7540E-3	-254.1160E-3	1.5456E+0	10.0000E+0
211.4970E+0	224.5200E+0	397.4550E-3	-254.7890E-3	1.5599E+0	10.0000E+0
211.2510E+0	226.1600E+0	399.8050E-3	-255.1240E-3	1.5671E+0	10.0000E+0
211.0050E+0	227.8000E+0	399.4680E-3	-255.4610E-3	1.5637E+0	10.0000E+0
210.7590E+0	229.4400E+0	398.4620E-3	-255.4610E-3	1.5598E+0	10.0000E+0
210.5130E+0	231.0801E+0	395.1050E-3	-254.7890E-3	1.5507E+0	10.0000E+0
210.2670E+0	232.7200E+0	389.3980E-3	-254.1160E-3	1.5324E+0	10.0000E+0
210.0210E+0	234.3600E+0	380.0000E-3	-253.7820E-3	1.4973E+0	10.0000E+0
209.7750E+0	236.0000E+0	371.9410E-3	-253.7820E-3	1.4656E+0	10.0000E+0
209.5290E+0	237.6400E+0	358.5160E-3	-253.1110E-3	1.4164E+0	10.0000E+0
209.2830E+0	239.2800E+0	344.0800E-3	-252.7740E-3	1.3612E+0	10.0000E+0
209.0370E+0	240.9200E+0	335.0160E-3	-253.1110E-3	1.3236E+0	10.0000E+0
208.7910E+0	242.5600E+0	328.3020E-3	-255.1240E-3	1.2868E+0	10.0000E+0
208.5450E+0	244.2000E+0	322.2610E-3	-257.4740E-3	1.2516E+0	10.0000E+0
208.2990E+0	245.8400E+0	316.5530E-3	-258.4820E-3	1.2247E+0	10.0000E+0
208.0530E+0	247.4800E+0	310.8470E-3	-258.8170E-3	1.2010E+0	10.0000E+0
207.8070E+0	249.1200E+0	305.8120E-3	-257.8090E-3	1.1862E+0	10.0000E+0
207.5610E+0	250.7600E+0	302.7910E-3	-256.4670E-3	1.1806E+0	10.0000E+0
207.3150E+0	252.4000E+0	300.1040E-3	-255.7950E-3	1.1732E+0	10.0000E+0
207.0690E+0	254.0400E+0	301.1120E-3	-256.1320E-3	1.1756E+0	10.0000E+0
206.8230E+0	255.6800E+0	307.1550E-3	-257.4740E-3	1.1930E+0	10.0000E+0
206.5770E+0	257.3200E+0	314.2030E-3	-258.1460E-3	1.2172E+0	10.0000E+0
206.3310E+0	258.9600E+0	319.2400E-3	-257.8090E-3	1.2383E+0	10.0000E+0
206.0850E+0	260.6000E+0	324.9460E-3	-257.8090E-3	1.2604E+0	10.0000E+0
205.8390E+0	262.2400E+0	331.6600E-3	-257.8090E-3	1.2865E+0	10.0000E+0
205.5930E+0	263.8800E+0	340.3870E-3	-258.1460E-3	1.3186E+0	10.0000E+0
205.3470E+0	265.5200E+0	348.7800E-3	-258.1460E-3	1.3511E+0	10.0000E+0
205.1010E+0	267.1600E+0	352.8080E-3	-257.4740E-3	1.3703E+0	10.0000E+0
204.8550E+0	268.8000E+0	356.1650E-3	-257.4740E-3	1.3833E+0	10.0000E+0
204.6090E+0	270.4401E+0	356.8370E-3	-257.8090E-3	1.3841E+0	10.0000E+0
204.3630E+0	272.0801E+0	356.5000E-3	-258.4820E-3	1.3792E+0	10.0000E+0
204.1170E+0	273.7200E+0	355.1580E-3	-258.8170E-3	1.3722E+0	10.0000E+0
203.8710E+0	275.3600E+0	351.1300E-3	-258.4820E-3	1.3584E+0	10.0000E+0
203.6250E+0	277.0000E+0	346.0940E-3	-258.1460E-3	1.3407E+0	10.0000E+0
203.3790E+0	278.6400E+0	343.7450E-3	-258.8170E-3	1.3281E+0	10.0000E+0
203.1330E+0	280.2800E+0	338.7090E-3	-258.8170E-3	1.3087E+0	10.0000E+0
202.8870E+0	281.9201E+0	333.0020E-3	-259.1530E-3	1.2850E+0	10.0000E+0
202.6410E+0	283.5600E+0	327.6310E-3	-259.8240E-3	1.2610E+0	10.0000E+0
202.3950E+0	285.2000E+0	321.2540E-3	-260.4960E-3	1.2332E+0	10.0000E+0
202.1490E+0	286.8400E+0	312.8610E-3	-260.4960E-3	1.2010E+0	10.0000E+0
201.9030E+0	288.4800E+0	303.1250E-3	-258.8170E-3	1.1712E+0	10.0000E+0
201.6570E+0	290.1200E+0	295.4060E-3	-258.4820E-3	1.1428E+0	10.0000E+0
201.4110E+0	291.7600E+0	287.6840E-3	-259.1530E-3	1.1101E+0	10.0000E+0
201.1650E+0	293.4000E+0	282.6490E-3	-260.4960E-3	1.0850E+0	10.0000E+0
200.9190E+0	295.0400E+0	280.9700E-3	-261.1670E-3	1.0758E+0	10.0000E+0
200.6730E+0	296.6800E+0	280.2990E-3	-261.5030E-3	1.0719E+0	10.0000E+0
200.4270E+0	298.3200E+0	279.6280E-3	-260.8300E-3	1.0721E+0	10.0000E+0
200.1810E+0	299.9600E+0	281.6410E-3	-260.8300E-3	1.0798E+0	10.0000E+0
199.9350E+0	301.6000E+0	282.6490E-3	-260.1590E-3	1.0864E+0	10.0000E+0
199.6890E+0	303.2400E+0	282.9860E-3	-258.1460E-3	1.0962E+0	10.0000E+0
199.4430E+0	304.8800E+0	282.3130E-3	-255.4610E-3	1.1051E+0	10.0000E+0
199.1970E+0	306.5200E+0	283.3200E-3	-252.4390E-3	1.1223E+0	10.0000E+0
198.9510E+0	308.1600E+0	287.0130E-3	-252.7740E-3	1.1355E+0	10.0000E+0
198.7050E+0	309.8000E+0	293.0560E-3	-253.4450E-3	1.1563E+0	10.0000E+0
198.4590E+0	311.4400E+0	299.0980E-3	-253.4450E-3	1.1801E+0	10.0000E+0
198.2130E+0	313.0800E+0	304.8040E-3	-253.4450E-3	1.2026E+0	10.0000E+0
197.9670E+0	314.7201E+0	308.8330E-3	-253.1110E-3	1.2201E+0	10.0000E+0
197.7210E+0	316.3600E+0	311.8550E-3	-253.1110E-3	1.2321E+0	10.0000E+0
197.4750E+0	318.0000E+0	312.1900E-3	-252.7740E-3	1.2351E+0	10.0000E+0
197.2290E+0	319.6400E+0	311.1820E-3	-252.7740E-3	1.2311E+0	10.0000E+0
196.9830E+0	321.2800E+0	308.4970E-3	-253.4450E-3	1.2172E+0	10.0000E+0
196.7370E+0	322.9199E+0	305.8120E-3	-253.7820E-3	1.2050E+0	10.0000E+0
196.4910E+0	324.5600E+0	302.1200E-3	-253.4450E-3	1.1921E+0	10.0000E+0
196.2450E+0	326.2001E+0	296.0770E-3	-253.1110E-3	1.1698E+0	10.0000E+0
195.9990E+0	327.8400E+0	289.6980E-3	-253.4450E-3	1.1430E+0	10.0000E+0
195.7530E+0	329.4800E+0	282.6490E-3	-253.7820E-3	1.1137E+0	10.0000E+0
195.5070E+0	331.1200E+0	273.2500E-3	-254.7890E-3	1.0725E+0	10.0000E+0
195.2610E+0	332.7600E+0	265.8650E-3	-256.1320E-3	1.0380E+0	10.0000E+0
195.0150E+0	334.4001E+0	258.4800E-3	-256.1320E-3	1.0092E+0	10.0000E+0
194.7690E+0	336.0400E+0	253.4430E-3	-256.4670E-3	988.2090E-3	10.0000E+0
194.5230E+0	337.6801E+0	247.4030E-3	-256.4670E-3	964.6582E-3	10.0000E+0
194.2770E+0	339.3200E+0	242.3660E-3	-255.7950E-3	947.5009E-3	10.0000E+0
194.0310E+0	340.9600E+0	238.3390E-3	-254.7890E-3	935.4368E-3	10.0000E+0
193.7850E+0	342.6000E+0	234.9810E-3	-253.4450E-3	927.1479E-3	10.0000E+0
193.5390E+0	344.2401E+0	233.9750E-3	-252.1030E-3	928.0929E-3	10.0000E+0
193.2930E+0	345.8800E+0	236.9960E-3	-251.4320E-3	942.5849E-3	10.0000E+0
193.0470E+0	347.5201E+0	238.6730E-3	-250.7600E-3	951.7985E-3	10.0000E+0
192.8010E+0	349.1600E+0	243.3740E-3	-251.0970E-3	969.2430E-3	10.0000E+0
192.5550E+0	350.8000E+0	250.4220E-3	-252.7740E-3	990.6952E-3	10.0000E+0
192.3090E+0	352.4401E+0	259.1510E-3	-254.4530E-3	1.0185E+0	10.0000E+0
192.0630E+0	354.0800E+0	268.5500E-3	-255.1240E-3	1.0526E+0	10.0000E+0
191.8170E+0	355.7200E+0	275.5990E-3	-254.7890E-3	1.0817E+0	10.0000E+0
191.5710E+0	357.3600E+0	281.9780E-3	-254.4530E-3	1.1082E+0	10.0000E+0
191.3250E+0	359.0000E+0	286.0050E-3	-254.4530E-3	1.1240E+0	10.0000E+0
191.0790E+0	360.6401E+0	288.3550E-3	-254.7890E-3	1.1317E+0	10.0000E+0
190.8330E+0	362.2800E+0	289.3630E-3	-255.7950E-3	1.1312E+0	10.0000E+0
190.5870E+0	363.9200E+0	289.0270E-3	-255.7950E-3	1.1299E+0	10.0000E+0
190.3410E+0	365.5600E+0	285.6700E-3	-255.1240E-3	1.1197E+0	10.0000E+0
190.0950E+0	367.2000E+0	280.9700E-3	-254.7890E-3	1.1028E+0	10.0000E+0
189.8490E+0	368.8400E+0	276.2720E-3	-255.1240E-3	1.0829E+0	10.0000E+0
189.6030E+0	370.4801E+0	268.5500E-3	-254.7890E-3	1.0540E+0	10.0000E+0
189.3570E+0	372.1200E+0	259.8230E-3	-254.4530E-3	1.0211E+0	10.0000E+0
189.1110E+0	373.7601E+0	252.1010E-3	-255.1240E-3	988.1509E-3	10.0000E+0
188.8650E+0	375.4000E+0	244.3810E-3	-256.1320E-3	954.1213E-3	10.0000E+0
188.6190E+0	377.0400E+0	235.9880E-3	-256.4670E-3	920.1496E-3	10.0000E+0
188.3730E+0	378.6801E+0	227.5960E-3	-256.8030E-3	886.2669E-3	10.0000E+0
188.1270E+0	380.3200E+0	219.8760E-3	-256.4670E-3	857.3267E-3	10.0000E+0
187.8810E+0	381.9601E+0	212.8250E-3	-255.4610E-3	833.1017E-3	10.0000E+0
187.6350E+0	383.6000E+0	208.1270E-3	-255.1240E-3	815.7876E-3	10.0000E+0
187.3890E+0	385.2400E+0	204.4340E-3	-254.1160E-3	804.4909E-3	10.0000E+0
187.1430E+0	386.8800E+0	202.4190E-3	-254.7890E-3	794.4574E-3	10.0000E+0
186.8970E+0	388.5201E+0	203.0900E-3	-254.4530E-3	798.1435E-3	10.0000E+0
186.6510E+0	390.1601E+0	206.1120E-3	-253.7820E-3	812.1616E-3	10.0000E+0
186.4050E+0	391.8000E+0	209.8040E-3	-253.1110E-3	828.9012E-3	10.0000E+0
186.1590E+0	393.4400E+0	214.8410E-3	-252.7740E-3	849.9331E-3	10.0000E+0
185.9130E+0	395.0800E+0	221.2180E-3	-253.7820E-3	871.6851E-3	10.0000E+0
185.6670E+0	396.7200E+0	227.5960E-3	-253.7820E-3	896.8170E-3	10.0000E+0
185.4210E+0	398.3600E+0	234.9810E-3	-253.7820E-3	925.9167E-3	10.0000E+0
185.1750E+0	400.0000E+0	241.3600E-3	-253.7820E-3	951.0525E-3	10.0000E+0
184.9290E+0	401.6400E+0	247.7370E-3	-253.4450E-3	977.4783E-3	10.0000E+0
