247.7850E+0	-17.3999E+0	426.3240E-3	-376.3090E-3	1.1329E+0	10.0000E+0
247.3950E+0	-14.7999E+0	21.1476E-3	-377.9860E-3	55.9481E-3	10.0000E+0
247.0050E+0	-12.2000E+0	-214.5060E-3	-379.6650E-3	-564.9876E-3	10.0000E+0
246.6150E+0	-9.5999E+0	-376.6440E-3	-380.3360E-3	-990.2928E-3	10.0000E+0
246.2250E+0	-7.0000E+0	-449.8230E-3	-379.6650E-3	-1.1848E+0	10.0000E+0
245.8350E+0	-4.4000E+0	-500.1770E-3	-380.0010E-3	-1.3163E+0	10.0000E+0
245.4450E+0	-1.8000E+0	-469.9650E-3	-380.6730E-3	-1.2346E+0	10.0000E+0
245.0550E+0	800.0667E-3	464.2570E-3	-385.3710E-3	1.2047E+0	10.0000E+0
244.6650E+0	3.4000E+0	1.9238E+0	-390.0710E-3	4.9320E+0	10.0000E+0
244.2750E+0	6.0000E+0	2.8315E+0	-392.4210E-3	7.2155E+0	10.0000E+0
243.8850E+0	8.6000E+0	3.3347E+0	-392.4210E-3	8.4978E+0	10.0000E+0
243.4950E+0	11.2000E+0	3.4519E+0	-388.7290E-3	8.8799E+0	10.0000E+0
243.1050E+0	13.8001E+0	3.3552E+0	-385.7080E-3	8.6988E+0	10.0000E+0
242.7150E+0	16.4000E+0	3.1595E+0	-383.3570E-3	8.2417E+0	10.0000E+0
242.3250E+0	19.0000E+0	2.9222E+0	-381.6790E-3	7.6561E+0	10.0000E+0
241.9350E+0	21.6000E+0	2.7288E+0	-381.6790E-3	7.1495E+0	10.0000E+0
241.5450E+0	24.2000E+0	2.5247E+0	-382.6860E-3	6.5974E+0	10.0000E+0
241.1550E+0	26.8000E+0	2.3679E+0	-382.3500E-3	6.1931E+0	10.0000E+0
240.7650E+0	29.4000E+0	2.2209E+0	-382.0150E-3	5.8137E+0	10.0000E+0
240.3750E+0	32.0000E+0	2.1007E+0	-380.6730E-3	5.5185E+0	10.0000E+0
239.9850E+0	34.6000E+0	1.9930E+0	-380.6730E-3	5.2354E+0	10.0000E+0
239.5950E+0	37.2000E+0	1.9215E+0	-380.0010E-3	5.0565E+0	10.0000E+0
239.2050E+0	39.8001E+0	1.8560E+0	-380.0010E-3	4.8843E+0	10.0000E+0
238.8150E+0	42.4000E+0	1.8070E+0	-379.6650E-3	4.7595E+0	10.0000E+0
238.4250E+0	45.0000E+0	1.7570E+0	-378.9940E-3	4.6359E+0	10.0000E+0
238.0350E+0	47.6000E+0	1.7080E+0	-378.9940E-3	4.5066E+0	10.0000E+0
237.6450E+0	50.2000E+0	1.6560E+0	-379.6650E-3	4.3616E+0	10.0000E+0
237.2550E+0	52.8000E+0	1.6043E+0	-378.6570E-3	4.2367E+0	10.0000E+0
236.8650E+0	55.4000E+0	1.5418E+0	-377.3150E-3	4.0863E+0	10.0000E+0
236.4750E+0	58.0000E+0	1.4878E+0	-376.9800E-3	3.9465E+0	10.0000E+0
236.0850E+0	60.6000E+0	1.4203E+0	-374.9650E-3	3.7878E+0	10.0000E+0
235.6950E+0	63.2000E+0	1.3666E+0	-373.6220E-3	3.6577E+0	10.0000E+0
235.3050E+0	65.8000E+0	1.3146E+0	-372.6160E-3	3.5279E+0	10.0000E+0
234.9150E+0	68.4000E+0	1.2666E+0	-372.6160E-3	3.3991E+0	10.0000E+0
234.5250E+0	71.0001E+0	1.2256E+0	-373.2880E-3	3.2833E+0	10.0000E+0
234.1350E+0	73.6000E+0	1.1984E+0	-374.2930E-3	3.2018E+0	10.0000E+0
233.7450E+0	76.2000E+0	1.1776E+0	-374.9650E-3	3.1406E+0	10.0000E+0
233.3550E+0	78.8000E+0	1.1622E+0	-374.6300E-3	3.1021E+0	10.0000E+0
232.9650E+0	81.3999E+0	1.1504E+0	-372.9510E-3	3.0846E+0	10.0000E+0
232.5750E+0	84.0000E+0	1.1450E+0	-371.2720E-3	3.0841E+0	10.0000E+0
232.1850E+0	86.6000E+0	1.1423E+0	-370.6010E-3	3.0824E+0	10.0000E+0
231.7950E+0	89.2001E+0	1.1417E+0	-369.9300E-3	3.0862E+0	10.0000E+0
231.4050E+0	91.8000E+0	1.1450E+0	-371.2720E-3	3.0841E+0	10.0000E+0
231.0150E+0	94.4000E+0	1.1390E+0	-370.9370E-3	3.0706E+0	10.0000E+0
230.6250E+0	97.0000E+0	1.1236E+0	-370.2660E-3	3.0344E+0	10.0000E+0
230.2350E+0	99.6000E+0	1.1011E+0	-369.5950E-3	2.9791E+0	10.0000E+0
229.8450E+0	102.2000E+0	1.0732E+0	-368.5870E-3	2.9117E+0	10.0000E+0
229.4550E+0	104.8000E+0	1.0369E+0	-367.9160E-3	2.8184E+0	10.0000E+0
229.0650E+0	107.4000E+0	1.0104E+0	-368.5870E-3	2.7413E+0	10.0000E+0
228.6750E+0	109.9999E+0	976.8540E-3	-368.5870E-3	2.6503E+0	10.0000E+0
228.2850E+0	112.6000E+0	949.3270E-3	-368.5870E-3	2.5756E+0	10.0000E+0
227.8950E+0	115.2000E+0	920.7940E-3	-367.2450E-3	2.5073E+0	10.0000E+0
227.5050E+0	117.8000E+0	909.7170E-3	-367.9160E-3	2.4726E+0	10.0000E+0
227.1150E+0	120.4000E+0	905.3510E-3	-369.2580E-3	2.4518E+0	10.0000E+0
226.7250E+0	123.0000E+0	906.0240E-3	-370.2660E-3	2.4470E+0	10.0000E+0
226.3350E+0	125.6001E+0	911.0590E-3	-370.6010E-3	2.4583E+0	10.0000E+0
225.9450E+0	128.2000E+0	917.1020E-3	-370.9370E-3	2.4724E+0	10.0000E+0
225.5550E+0	130.8000E+0	926.8350E-3	-371.2720E-3	2.4964E+0	10.0000E+0
225.1650E+0	133.4001E+0	935.2280E-3	-371.9430E-3	2.5144E+0	10.0000E+0
224.7750E+0	136.0000E+0	942.2780E-3	-372.2800E-3	2.5311E+0	10.0000E+0
224.3850E+0	138.6001E+0	940.5990E-3	-371.6090E-3	2.5312E+0	10.0000E+0
223.9950E+0	141.2000E+0	931.5350E-3	-369.9300E-3	2.5181E+0	10.0000E+0
223.6050E+0	143.8000E+0	921.1290E-3	-369.2580E-3	2.4945E+0	10.0000E+0
223.2150E+0	146.3999E+0	907.0300E-3	-368.5870E-3	2.4608E+0	10.0000E+0
222.8250E+0	149.0000E+0	882.8610E-3	-368.2510E-3	2.3974E+0	10.0000E+0
222.4350E+0	151.6000E+0	854.9980E-3	-368.2510E-3	2.3218E+0	10.0000E+0
222.0450E+0	154.2000E+0	820.0880E-3	-366.5740E-3	2.2372E+0	10.0000E+0
221.6550E+0	156.8000E+0	794.9110E-3	-365.5660E-3	2.1745E+0	10.0000E+0
221.2650E+0	159.4000E+0	769.3980E-3	-364.5580E-3	2.1105E+0	10.0000E+0
220.8750E+0	162.0000E+0	756.3070E-3	-364.5580E-3	2.0746E+0	10.0000E+0
220.4850E+0	164.6000E+0	750.5990E-3	-364.8950E-3	2.0570E+0	10.0000E+0
220.0950E+0	167.2001E+0	751.6060E-3	-365.5660E-3	2.0560E+0	10.0000E+0
219.7050E+0	169.8001E+0	754.9620E-3	-364.5580E-3	2.0709E+0	10.0000E+0
219.3150E+0	172.4000E+0	761.6760E-3	-363.8870E-3	2.0932E+0	10.0000E+0
218.9250E+0	175.0001E+0	773.0910E-3	-363.2160E-3	2.1285E+0	10.0000E+0
218.5350E+0	177.6000E+0	783.4970E-3	-363.2160E-3	2.1571E+0	10.0000E+0
218.1450E+0	180.2000E+0	794.2380E-3	-364.8950E-3	2.1766E+0	10.0000E+0
217.7550E+0	182.8000E+0	797.2590E-3	-365.2290E-3	2.1829E+0	10.0000E+0
217.3650E+0	185.4000E+0	794.9110E-3	-365.2290E-3	2.1765E+0	10.0000E+0
216.9750E+0	188.0001E+0	788.5320E-3	-365.2290E-3	2.1590E+0	10.0000E+0
216.5850E+0	190.6000E+0	773.7620E-3	-364.5580E-3	2.1225E+0	10.0000E+0
216.1950E+0	193.2000E+0	755.9700E-3	-363.2160E-3	2.0813E+0	10.0000E+0
215.8050E+0	195.8000E+0	730.7940E-3	-361.2020E-3	2.0232E+0	10.0000E+0
215.4150E+0	198.4000E+0	710.3170E-3	-361.5370E-3	1.9647E+0	10.0000E+0
215.0250E+0	201.0000E+0	687.1540E-3	-363.5520E-3	1.8901E+0	10.0000E+0
214.6350E+0	203.6000E+0	668.6910E-3	-363.8870E-3	1.8376E+0	10.0000E+0
214.2450E+0	206.2000E+0	655.2640E-3	-363.2160E-3	1.8041E+0	10.0000E+0
213.8550E+0	208.8000E+0	647.8790E-3	-361.5370E-3	1.7920E+0	10.0000E+0
213.4650E+0	211.4001E+0	646.8710E-3	-362.5450E-3	1.7843E+0	10.0000E+0
213.0750E+0	214.0000E+0	652.9140E-3	-363.2160E-3	1.7976E+0	10.0000E+0
212.6850E+0	216.6000E+0	662.3120E-3	-363.5520E-3	1.8218E+0	10.0000E+0
212.2950E+0	219.2000E+0	679.0980E-3	-365.2290E-3	1.8594E+0	10.0000E+0
211.9050E+0	221.8000E+0	696.8890E-3	-367.5800E-3	1.8959E+0	10.0000E+0
211.5150E+0	224.4000E+0	710.3170E-3	-368.5870E-3	1.9271E+0	10.0000E+0
211.1250E+0	227.0001E+0	717.0310E-3	-368.9240E-3	1.9436E+0	10.0000E+0
210.7350E+0	229.6000E+0	716.3600E-3	-369.5950E-3	1.9382E+0	10.0000E+0
210.3450E+0	232.2000E+0	708.9750E-3	-368.5870E-3	1.9235E+0	10.0000E+0
209.9550E+0	234.8000E+0	694.5390E-3	-368.5870E-3	1.8843E+0	10.0000E+0
209.5650E+0	237.4000E+0	676.7480E-3	-367.2450E-3	1.8428E+0	10.0000E+0
209.1750E+0	240.0000E+0	653.2500E-3	-366.5740E-3	1.7820E+0	10.0000E+0
208.7850E+0	242.6000E+0	635.4580E-3	-366.2370E-3	1.7351E+0	10.0000E+0
208.3950E+0	245.2001E+0	613.9740E-3	-366.5740E-3	1.6749E+0	10.0000E+0
208.0050E+0	247.8001E+0	596.5180E-3	-364.8950E-3	1.6348E+0	10.0000E+0
207.6150E+0	250.4000E+0	581.7470E-3	-363.2160E-3	1.6017E+0	10.0000E+0
207.2250E+0	253.0000E+0	575.7050E-3	-362.5450E-3	1.5880E+0	10.0000E+0
206.8350E+0	255.6000E+0	573.6910E-3	-362.2100E-3	1.5839E+0	10.0000E+0
206.4450E+0	258.2001E+0	578.7260E-3	-362.8810E-3	1.5948E+0	10.0000E+0
206.0550E+0	260.8001E+0	591.8190E-3	-363.5520E-3	1.6279E+0	10.0000E+0
205.6650E+0	263.4001E+0	604.5740E-3	-364.2240E-3	1.6599E+0	10.0000E+0
205.2750E+0	266.0000E+0	619.6810E-3	-364.5580E-3	1.6998E+0	10.0000E+0
204.8850E+0	268.6000E+0	631.0950E-3	-363.5520E-3	1.7359E+0	10.0000E+0
204.4950E+0	271.2000E+0	646.5360E-3	-364.8950E-3	1.7718E+0	10.0000E+0
204.1050E+0	273.8000E+0	653.5850E-3	-365.5660E-3	1.7879E+0	10.0000E+0
203.7150E+0	276.4000E+0	649.2210E-3	-365.5660E-3	1.7759E+0	10.0000E+0
203.3250E+0	279.0000E+0	639.1510E-3	-365.2290E-3	1.7500E+0	10.0000E+0
202.9350E+0	281.6000E+0	623.7100E-3	-364.8950E-3	1.7093E+0	10.0000E+0
202.5450E+0	284.2001E+0	604.2390E-3	-364.8950E-3	1.6559E+0	10.0000E+0
202.1550E+0	286.8000E+0	584.7690E-3	-364.2240E-3	1.6055E+0	10.0000E+0
201.7650E+0	289.4001E+0	561.9420E-3	-362.2100E-3	1.5514E+0	10.0000E+0
201.3750E+0	292.0000E+0	545.4930E-3	-362.5450E-3	1.5046E+0	10.0000E+0
200.9850E+0	294.6001E+0	528.7090E-3	-363.2160E-3	1.4556E+0	10.0000E+0
200.5950E+0	297.2000E+0	520.9880E-3	-363.2160E-3	1.4344E+0	10.0000E+0
200.2050E+0	299.8000E+0	515.2810E-3	-360.8660E-3	1.4279E+0	10.0000E+0
199.8150E+0	302.4001E+0	517.2950E-3	-359.1890E-3	1.4402E+0	10.0000E+0
199.4250E+0	305.0001E+0	525.3510E-3	-359.1890E-3	1.4626E+0	10.0000E+0
199.0350E+0	307.6001E+0	536.4290E-3	-359.8600E-3	1.4907E+0	10.0000E+0
198.6450E+0	310.2000E+0	552.5430E-3	-360.8660E-3	1.5312E+0	10.0000E+0
198.2550E+0	312.8000E+0	565.6350E-3	-361.2020E-3	1.5660E+0	10.0000E+0
197.8650E+0	315.4001E+0	577.0490E-3	-361.8730E-3	1.5946E+0	10.0000E+0
197.4750E+0	318.0000E+0	580.0700E-3	-360.8660E-3	1.6074E+0	10.0000E+0
197.0850E+0	320.6000E+0	579.7340E-3	-360.1940E-3	1.6095E+0	10.0000E+0
196.6950E+0	323.2000E+0	575.0330E-3	-360.1940E-3	1.5965E+0	10.0000E+0
196.3050E+0	325.8000E+0	564.6270E-3	-361.5370E-3	1.5617E+0	10.0000E+0
195.9150E+0	328.4001E+0	553.8860E-3	-362.8810E-3	1.5264E+0	10.0000E+0
195.5250E+0	331.0000E+0	535.4230E-3	-363.5520E-3	1.4728E+0	10.0000E+0
195.1350E+0	333.6001E+0	518.6380E-3	-363.8870E-3	1.4253E+0	10.0000E+0
194.7450E+0	336.2000E+0	499.1690E-3	-362.8810E-3	1.3756E+0	10.0000E+0
194.3550E+0	338.8000E+0	487.0840E-3	-362.8810E-3	1.3423E+0	10.0000E+0
193.9650E+0	341.4001E+0	480.7060E-3	-362.8810E-3	1.3247E+0	10.0000E+0
193.5750E+0	344.0001E+0	478.6910E-3	-361.8730E-3	1.3228E+0	10.0000E+0
193.1850E+0	346.6000E+0	482.3830E-3	-360.5310E-3	1.3380E+0	10.0000E+0
192.7950E+0	349.2000E+0	489.7680E-3	-360.1940E-3	1.3597E+0	10.0000E+0
192.4050E+0	351.8000E+0	500.8460E-3	-358.8520E-3	1.3957E+0	10.0000E+0
192.0150E+0	354.3999E+0	516.2890E-3	-356.5020E-3	1.4482E+0	10.0000E+0
191.6250E+0	357.0001E+0	530.7230E-3	-355.1600E-3	1.4943E+0	10.0000E+0
191.2350E+0	359.6000E+0	543.8140E-3	-355.8310E-3	1.5283E+0	10.0000E+0
190.8450E+0	362.2000E+0	550.5280E-3	-356.5020E-3	1.5442E+0	10.0000E+0
190.4550E+0	364.8000E+0	549.8570E-3	-354.4880E-3	1.5511E+0	10.0000E+0
190.0650E+0	367.4000E+0	542.4720E-3	-352.8090E-3	1.5376E+0	10.0000E+0
189.6750E+0	369.9999E+0	533.0730E-3	-352.4750E-3	1.5124E+0	10.0000E+0
189.2850E+0	372.6000E+0	521.9950E-3	-353.1460E-3	1.4781E+0	10.0000E+0
188.8950E+0	375.2000E+0	504.8750E-3	-352.8090E-3	1.4310E+0	10.0000E+0
188.5050E+0	377.8001E+0	487.7550E-3	-352.1380E-3	1.3851E+0	10.0000E+0
188.1150E+0	380.4000E+0	467.9500E-3	-353.1460E-3	1.3251E+0	10.0000E+0
187.7250E+0	383.0000E+0	453.8510E-3	-353.1460E-3	1.2852E+0	10.0000E+0
187.3350E+0	385.6000E+0	443.4440E-3	-353.1460E-3	1.2557E+0	10.0000E+0
186.9450E+0	388.2000E+0	439.4150E-3	-353.8170E-3	1.2419E+0	10.0000E+0
186.5550E+0	390.8000E+0	440.4230E-3	-352.4750E-3	1.2495E+0	10.0000E+0
186.1650E+0	393.4000E+0	446.8000E-3	-352.1380E-3	1.2688E+0	10.0000E+0
185.7750E+0	396.0000E+0	459.2220E-3	-353.8170E-3	1.2979E+0	10.0000E+0
185.3850E+0	398.6000E+0	472.6500E-3	-354.8250E-3	1.3321E+0	10.0000E+0
184.9950E+0	401.2000E+0	487.7550E-3	-355.4960E-3	1.3720E+0	10.0000E+0
184.6050E+0	403.8001E+0	498.4980E-3	-355.4960E-3	1.4023E+0	10.0000E+0
184.2150E+0	406.4000E+0	509.2390E-3	-356.1670E-3	1.4298E+0	10.0000E+0
183.8250E+0	409.0000E+0	513.2680E-3	-357.1730E-3	1.4370E+0	10.0000E+0
183.4350E+0	411.6000E+0	511.5890E-3	-358.5170E-3	1.4270E+0	10.0000E+0
183.0450E+0	414.2001E+0	501.1830E-3	-358.1810E-3	1.3992E+0	10.0000E+0
182.6550E+0	416.8001E+0	487.4200E-3	-358.1810E-3	1.3608E+0	10.0000E+0
182.2650E+0	419.4001E+0	469.9630E-3	-357.8440E-3	1.3133E+0	10.0000E+0
181.8750E+0	422.0000E+0	451.1660E-3	-357.1730E-3	1.2632E+0	10.0000E+0
181.4850E+0	424.6000E+0	432.0300E-3	-357.1730E-3	1.2096E+0	10.0000E+0
181.0950E+0	427.2000E+0	417.2600E-3	-357.8440E-3	1.1660E+0	10.0000E+0
180.7050E+0	429.8001E+0	405.5110E-3	-357.5100E-3	1.1343E+0	10.0000E+0
180.3150E+0	432.4000E+0	402.1550E-3	-357.1730E-3	1.1259E+0	10.0000E+0
179.9250E+0	435.0000E+0	404.1690E-3	-357.8440E-3	1.1295E+0	10.0000E+0
179.5350E+0	437.6000E+0	410.8820E-3	-357.8440E-3	1.1482E+0	10.0000E+0
179.1450E+0	440.2000E+0	420.2810E-3	-355.8310E-3	1.1811E+0	10.0000E+0
178.7550E+0	442.8001E+0	432.7010E-3	-354.4880E-3	1.2206E+0	10.0000E+0
178.3650E+0	445.4001E+0	447.8080E-3	-354.1520E-3	1.2645E+0	10.0000E+0
177.9750E+0	448.0000E+0	460.2280E-3	-353.8170E-3	1.3008E+0	10.0000E+0
177.5850E+0	450.6000E+0	465.5990E-3	-352.8090E-3	1.3197E+0	10.0000E+0
177.1950E+0	453.2000E+0	468.6210E-3	-352.1380E-3	1.3308E+0	10.0000E+0
176.8050E+0	455.8000E+0	467.9500E-3	-351.1320E-3	1.3327E+0	10.0000E+0
176.4150E+0	458.4001E+0	460.2280E-3	-350.4590E-3	1.3132E+0	10.0000E+0
176.0250E+0	461.0000E+0	449.1500E-3	-350.7960E-3	1.2804E+0	10.0000E+0
175.6350E+0	463.6001E+0	434.7170E-3	-351.4670E-3	1.2369E+0	10.0000E+0
175.2450E+0	466.2000E+0	415.9170E-3	-352.1380E-3	1.1811E+0	10.0000E+0
174.8550E+0	468.7999E+0	398.4620E-3	-352.1380E-3	1.1316E+0	10.0000E+0
174.4650E+0	471.4000E+0	380.6710E-3	-353.1460E-3	1.0779E+0	10.0000E+0
174.0750E+0	474.0000E+0	369.2570E-3	-353.4810E-3	1.0446E+0	10.0000E+0
173.6850E+0	476.6000E+0	360.1930E-3	-352.4750E-3	1.0219E+0	10.0000E+0
173.2950E+0	479.2000E+0	359.1870E-3	-352.1380E-3	1.0200E+0	10.0000E+0
172.9050E+0	481.8000E+0	365.5640E-3	-351.8030E-3	1.0391E+0	10.0000E+0
172.5150E+0	484.4000E+0	376.3070E-3	-352.4750E-3	1.0676E+0	10.0000E+0
172.1250E+0	487.0001E+0	392.7540E-3	-353.1460E-3	1.1122E+0	10.0000E+0
171.7350E+0	489.6000E+0	408.5320E-3	-353.8170E-3	1.1546E+0	10.0000E+0
171.3450E+0	492.2000E+0	421.6240E-3	-353.8170E-3	1.1916E+0	10.0000E+0
170.9550E+0	494.8000E+0	433.0380E-3	-353.4810E-3	1.2251E+0	10.0000E+0
170.5650E+0	497.4001E+0	439.0800E-3	-352.8090E-3	1.2445E+0	10.0000E+0
170.1750E+0	500.0001E+0	441.0940E-3	-353.1460E-3	1.2490E+0	10.0000E+0
169.7850E+0	502.6000E+0	436.3940E-3	-352.8090E-3	1.2369E+0	10.0000E+0
168.6679E+0	510.0475E+0	417.9310E-3	-351.8030E-3	1.1880E+0	10.0000E+0
167.2863E+0	519.2583E+0	385.3690E-3	-351.4670E-3	1.0965E+0	10.0000E+0
165.8797E+0	528.6354E+0	364.8930E-3	-350.7960E-3	1.0402E+0	10.0000E+0
164.4477E+0	538.1819E+0	372.2780E-3	-351.4670E-3	1.0592E+0	10.0000E+0
162.9899E+0	547.9008E+0	385.0350E-3	-351.4670E-3	1.0955E+0	10.0000E+0
161.5057E+0	557.7952E+0	373.9570E-3	-352.1380E-3	1.0620E+0	10.0000E+0
159.9948E+0	567.8683E+0	346.4300E-3	-352.4750E-3	982.8498E-3	10.0000E+0
158.4565E+0	578.1233E+0	338.7090E-3	-351.8030E-3	962.7803E-3	10.0000E+0
156.8905E+0	588.5634E+0	348.4440E-3	-349.7880E-3	996.1577E-3	10.0000E+0
155.2962E+0	599.1922E+0	344.7510E-3	-348.1110E-3	990.3479E-3	10.0000E+0
153.6731E+0	610.0128E+0	319.5750E-3	-348.1110E-3	918.0261E-3	10.0000E+0
152.0207E+0	621.0288E+0	307.8260E-3	-349.4530E-3	880.8795E-3	10.0000E+0
150.3384E+0	632.2439E+0	317.8960E-3	-349.7880E-3	908.8248E-3	10.0000E+0
148.6258E+0	643.6613E+0	320.2460E-3	-349.1170E-3	917.3028E-3	10.0000E+0
146.8822E+0	655.2850E+0	300.4410E-3	-348.4460E-3	862.2312E-3	10.0000E+0
145.1072E+0	667.1187E+0	291.0420E-3	-348.1110E-3	836.0609E-3	10.0000E+0
143.3001E+0	679.1660E+0	301.7830E-3	-346.4320E-3	871.1176E-3	10.0000E+0
141.4604E+0	691.4310E+0	298.0910E-3	-346.4320E-3	860.4604E-3	10.0000E+0
139.5874E+0	703.9173E+0	277.6140E-3	-345.7610E-3	802.9072E-3	10.0000E+0
137.6806E+0	716.6291E+0	277.9490E-3	-345.0900E-3	805.4392E-3	10.0000E+0
135.7394E+0	729.5705E+0	286.3420E-3	-343.4110E-3	833.8172E-3	10.0000E+0
133.7631E+0	742.7457E+0	270.5640E-3	-340.0530E-3	795.6524E-3	10.0000E+0
131.7512E+0	756.1587E+0	259.4860E-3	-339.0470E-3	765.3393E-3	10.0000E+0
129.7029E+0	769.8140E+0	268.5500E-3	-337.7040E-3	795.2230E-3	10.0000E+0
127.6176E+0	783.7159E+0	262.8440E-3	-338.3760E-3	776.7809E-3	10.0000E+0
125.4947E+0	797.8688E+0	246.7300E-3	-338.3760E-3	729.1593E-3	10.0000E+0
123.3334E+0	812.2773E+0	251.7660E-3	-337.7040E-3	745.5227E-3	10.0000E+0
121.1331E+0	826.9460E+0	249.0800E-3	-337.7040E-3	737.5690E-3	10.0000E+0
118.8931E+0	841.8796E+0	229.9460E-3	-337.0330E-3	682.2655E-3	10.0000E+0
116.6126E+0	857.0828E+0	231.6250E-3	-339.0470E-3	683.1649E-3	10.0000E+0
114.2909E+0	872.5607E+0	225.5820E-3	-339.7180E-3	664.0272E-3	10.0000E+0
111.9273E+0	888.3180E+0	208.1270E-3	-340.3890E-3	611.4387E-3	10.0000E+0
109.5210E+0	904.3599E+0	212.8250E-3	-341.0610E-3	624.0086E-3	10.0000E+0
107.0713E+0	920.6915E+0	208.4620E-3	-342.4030E-3	608.8206E-3	10.0000E+0
104.5773E+0	937.3180E+0	199.3980E-3	-341.0610E-3	584.6403E-3	10.0000E+0
102.0383E+0	954.2448E+0	206.1120E-3	-340.3890E-3	605.5190E-3	10.0000E+0
99.4534E+0	971.4773E+0	193.6910E-3	-339.0470E-3	571.2807E-3	10.0000E+0
96.8219E+0	989.0209E+0	188.3200E-3	-335.6890E-3	560.9954E-3	10.0000E+0
94.1428E+0	1.0069E+3	186.3060E-3	-334.0120E-3	557.7824E-3	10.0000E+0
91.4153E+0	1.0251E+3	173.5500E-3	-331.9960E-3	522.7473E-3	10.0000E+0
88.6386E+0	1.0436E+3	179.2580E-3	-332.3330E-3	539.3927E-3	10.0000E+0
85.8118E+0	1.0624E+3	170.5280E-3	-331.9960E-3	513.6447E-3	10.0000E+0
82.9339E+0	1.0816E+3	166.8360E-3	-332.3330E-3	502.0145E-3	10.0000E+0
80.0040E+0	1.1011E+3	161.8010E-3	-332.3330E-3	486.8641E-3	10.0000E+0
77.0212E+0	1.1210E+3	153.7450E-3	-329.6480E-3	466.3914E-3	10.0000E+0
73.9846E+0	1.1413E+3	153.7450E-3	-328.6400E-3	467.8219E-3	10.0000E+0
70.8931E+0	1.1619E+3	143.3380E-3	-325.9560E-3	439.7465E-3	10.0000E+0
67.7458E+0	1.1829E+3	146.0230E-3	-323.9400E-3	450.7717E-3	10.0000E+0
64.5417E+0	1.2042E+3	137.6320E-3	-323.2690E-3	425.7507E-3	10.0000E+0
61.2796E+0	1.2260E+3	139.3090E-3	-322.9340E-3	431.3854E-3	10.0000E+0
57.9587E+0	1.2481E+3	127.8970E-3	-321.9270E-3	397.2857E-3	10.0000E+0
54.5778E+0	1.2706E+3	121.5180E-3	-321.5900E-3	377.8662E-3	10.0000E+0
51.1359E+0	1.2936E+3	109.0980E-3	-321.2550E-3	339.5994E-3	10.0000E+0
47.6318E+0	1.3170E+3	108.7630E-3	-321.5900E-3	338.2039E-3	10.0000E+0
44.0644E+0	1.3407E+3	100.7070E-3	-322.9340E-3	311.8501E-3	10.0000E+0
40.4326E+0	1.3649E+3	97.6852E-3	-324.6110E-3	300.9300E-3	10.0000E+0
36.7352E+0	1.3896E+3	87.6134E-3	-325.6190E-3	269.0672E-3	10.0000E+0
32.9711E+0	1.4147E+3	83.9209E-3	-325.9560E-3	257.4608E-3	10.0000E+0
29.1389E+0	1.4402E+3	76.5358E-3	-324.2770E-3	236.0198E-3	10.0000E+0
25.2376E+0	1.4662E+3	74.5222E-3	-322.9340E-3	230.7660E-3	10.0000E+0
21.2658E+0	1.4927E+3	71.8373E-3	-321.9270E-3	223.1478E-3	10.0000E+0
17.2223E+0	1.5197E+3	68.8160E-3	-322.9340E-3	213.0962E-3	10.0000E+0
13.1057E+0	1.5471E+3	67.4718E-3	-322.9340E-3	208.9337E-3	10.0000E+0
8.9149E+0	1.5751E+3	63.1080E-3	-325.2830E-3	194.0095E-3	10.0000E+0
4.6483E+0	1.6035E+3	59.7520E-3	-323.6050E-3	184.6449E-3	10.0000E+0
304.6950E-3	1.6325E+3	53.0381E-3	-321.2550E-3	165.0966E-3	10.0000E+0
-4.1174E+0	1.6619E+3	45.3165E-3	-322.9340E-3	140.3274E-3	10.0000E+0
-8.6193E+0	1.6920E+3	40.6180E-3	-321.9270E-3	126.1715E-3	10.0000E+0
-13.2025E+0	1.7225E+3	32.2252E-3	-320.2480E-3	100.6258E-3	10.0000E+0
-17.8684E+0	1.7536E+3	25.1766E-3	-321.5900E-3	78.2879E-3	10.0000E+0
-22.6187E+0	1.7853E+3	27.8615E-3	-321.9270E-3	86.5460E-3	10.0000E+0
-27.4547E+0	1.8175E+3	26.8537E-3	-321.2550E-3	83.5900E-3	10.0000E+0
-32.3780E+0	1.8504E+3	22.1553E-3	-320.9190E-3	69.0370E-3	10.0000E+0
-37.3903E+0	1.8838E+3	21.4841E-3	-319.9130E-3	67.1561E-3	10.0000E+0
-42.4931E+0	1.9178E+3	24.5036E-3	-319.5760E-3	76.6753E-3	10.0000E+0
-47.6880E+0	1.9524E+3	19.1339E-3	-317.8980E-3	60.1888E-3	10.0000E+0
-52.9767E+0	1.9877E+3	7.7198E-3	-315.2130E-3	24.4907E-3	10.0000E+0
-58.3610E+0	2.0236E+3	4.0272E-3	-315.8840E-3	12.7491E-3	10.0000E+0
-63.8424E+0	2.0601E+3	7.0486E-3	-315.5490E-3	22.3375E-3	10.0000E+0
-69.4229E+0	2.0973E+3	7.0486E-3	-313.1990E-3	22.5051E-3	10.0000E+0
-75.1041E+0	2.1352E+3	3.3560E-3	-314.2050E-3	10.6811E-3	10.0000E+0
-80.8880E+0	2.1738E+3	-1.3442E-3	-313.5340E-3	-4.2874E-3	10.0000E+0
-86.7763E+0	2.2130E+3	-8.7293E-3	-310.5120E-3	-28.1127E-3	10.0000E+0
-92.7709E+0	2.2530E+3	-11.7507E-3	-309.8410E-3	-37.9249E-3	10.0000E+0
-98.8738E+0	2.2937E+3	-10.7430E-3	-312.5280E-3	-34.3745E-3	10.0000E+0
-105.0868E+0	2.3351E+3	-10.4064E-3	-312.1910E-3	-33.3334E-3	10.0000E+0
-111.4121E+0	2.3772E+3	-12.0854E-3	-310.8490E-3	-38.8787E-3	10.0000E+0
-117.8516E+0	2.4202E+3	-17.4568E-3	-309.1700E-3	-56.4634E-3	10.0000E+0
-124.4075E+0	2.4639E+3	-22.4918E-3	-306.8200E-3	-73.3062E-3	10.0000E+0
-131.0816E+0	2.5084E+3	-25.8497E-3	-305.4770E-3	-84.6208E-3	10.0000E+0
-137.8764E+0	2.5537E+3	-27.5268E-3	-305.4770E-3	-90.1109E-3	10.0000E+0
-144.7938E+0	2.5998E+3	-27.8633E-3	-306.4850E-3	-90.9124E-3	10.0000E+0
-151.8361E+0	2.6467E+3	-29.2057E-3	-306.1490E-3	-95.3970E-3	10.0000E+0
-159.0056E+0	2.6945E+3	-31.5558E-3	-304.8060E-3	-103.5275E-3	10.0000E+0
-166.3046E+0	2.7432E+3	-39.6121E-3	-303.7990E-3	-130.3892E-3	10.0000E+0
-173.7354E+0	2.7927E+3	-49.6821E-3	-301.7850E-3	-164.6275E-3	10.0000E+0
-181.3004E+0	2.8432E+3	-57.0672E-3	-302.1210E-3	-188.8886E-3	10.0000E+0
-189.0020E+0	2.8945E+3	-64.7888E-3	-300.1060E-3	-215.8864E-3	10.0000E+0
-196.8427E+0	2.9468E+3	-72.5104E-3	-298.0920E-3	-243.2484E-3	10.0000E+0
-204.8250E+0	3.0000E+3	-70.1602E-3	-295.4080E-3	-237.5027E-3	10.0000E+0
-212.9514E+0	3.0542E+3	-69.4890E-3	-294.4000E-3	-236.0360E-3	10.0000E+0
